              precision    recall  f1-score   support

           0     0.6452    0.3846    0.4819        52
           1     0.4946    0.8070    0.6133        57
           2     0.0000    0.0000    0.0000        13
           3     0.4545    0.5000    0.4762        10
           4     0.0000    0.0000    0.0000         7
           5     0.7308    0.8636    0.7917        22

    accuracy                         0.5590       161
   macro avg     0.3875    0.4259    0.3939       161
weighted avg     0.5116    0.5590    0.5106       161
